start,finish,counter
1600810178671,1600810181490,0
1600810238941,1600810241516,1
1600810299239,1600810301719,2
1600810359495,1600810360808,3
1600810419661,1600810433091,4
1600810479909,1600810481954,5
1600810540134,1600810541686,6
1600810600366,1600810602029,7
1600810650536,1600810652634,8
1600810690705,1600810692365,9
1600810782205,1600810784517,10
1600810842460,1600810849017,11
1600810902750,1600810907418,12
1600810962999,1600810966556,13
1600811023214,1600811024865,14
