start,finish,counter
1598952560601,1598952561742,0
