start,finish,counter
1600895991871,1600895996678,0
1600896050436,1600896053408,1
1600896107288,1600896110616,2
1600896132504,1600896134988,3
1600896229658,1600896232855,4
1600896291643,1600896296123,5
1600896349341,1600896352354,6
1600896411987,1600896414587,7
1600896472827,1600896476161,8
1600896542987,1600896545303,9
1600896583329,1600896585856,10
1600896633037,1600896635141,11
1600896716078,1600896718580,12
1600896776894,1600896779337,13
1600896844648,1600896846934,14
