start,finish,counter
1600732422044,1600732425462,0
1600732492221,1600732493687,1
1600732527299,1600732528501,2
1600732599508,1600732601073,3
1600732669709,1600732671664,4
1600732703783,1600732708413,5
1600732774978,1600732776609,6
1600732844209,1600732845629,7
1600732879263,1600732880652,8
1600732915450,1600732916740,9
1600733019764,1600733020960,10
1600733090042,1600733091759,11
1600733125134,1600733126327,12
1600733196360,1600733202899,13
1600733266620,1600733268741,14
